[logo.jpg]
filters=MuseumMatte=1,2.339181,2.339181,001a0e03,00f0eae4;
moddate=4aef0981d3fcd801
width=283
height=112
textactive=0
[pet.jpg]
filters=crop64=1,c41aff9a;
crop=rect64(c41aff9a)
moddate=f5bb3abfcaffd801
width=1060
height=651
textactive=0
[bg3.webp]
filters=finetune2=1,0.087719,0.112281,0.364912,00808080,-0.672515;
moddate=03b779c7fbffd801
width=562
height=750
textactive=0
[pet.1.jpg]
filters=Orton=1,0.000000,100.000000,0.000000;
moddate=37eca5402604d901
width=740
height=493
textactive=0
